image_width: 320
image_height: 240
camera_name: narrow_stereo
camera_matrix:
  rows: 3
  cols: 3
  data: [319.299163, 0.000000, 156.315383, 0.000000, 321.341283, 100.817225, 0.000000, 0.000000, 1.000000]
distortion_model: plumb_bob
distortion_coefficients:
  rows: 1
  cols: 5
  data: [0.196998, -0.070946, -0.024022, -0.006247, 0.000000]
rectification_matrix:
  rows: 3
  cols: 3
  data: [1.000000, 0.000000, 0.000000, 0.000000, 1.000000, 0.000000, 0.000000, 0.000000, 1.000000]
projection_matrix:
  rows: 3
  cols: 4
  data: [340.552643, 0.000000, 155.153610, 0.000000, 0.000000, 339.324677, 97.235301, 0.000000, 0.000000, 0.000000, 1.000000, 0.000000]
